0, 1
0.002, 1.0015
0.004, 1.00301
0.006, 1.00452
0.008, 1.00605
0.01, 1.00758
0.012, 1.00912
0.014, 1.01067
0.016, 1.01223
0.018, 1.01379
0.02, 1.01536
0.022, 1.01694
0.024, 1.01853
0.026, 1.02013
0.028, 1.02173
0.03, 1.02335
0.032, 1.02497
0.034, 1.0266
0.036, 1.02824
0.038, 1.02988
0.04, 1.03153
0.042, 1.0332
0.044, 1.03487
0.046, 1.03654
0.048, 1.03823
0.05, 1.03992
0.052, 1.04163
0.054, 1.04334
0.056, 1.04505
0.058, 1.04678
0.06, 1.04851
0.062, 1.05026
0.064, 1.05201
0.066, 1.05377
0.068, 1.05553
0.07, 1.05731
0.072, 1.05909
0.074, 1.06088
0.076, 1.06268
0.078, 1.06449
0.08, 1.0663
0.082, 1.06813
0.084, 1.06996
0.086, 1.0718
0.088, 1.07364
0.09, 1.0755
0.092, 1.07736
0.094, 1.07924
0.096, 1.08112
0.098, 1.083
0.1, 1.0849
0.102, 1.0868
0.104, 1.08872
0.106, 1.09064
0.108, 1.09256
0.11, 1.0945
0.112, 1.09645
0.114, 1.0984
0.116, 1.10036
0.118, 1.10233
0.12, 1.1043
0.122, 1.10629
0.124, 1.10828
0.126, 1.11028
0.128, 1.11229
0.13, 1.11431
0.132, 1.11634
0.134, 1.11837
0.136, 1.12041
0.138, 1.12246
0.14, 1.12452
0.142, 1.12658
0.144, 1.12866
0.146, 1.13074
0.148, 1.13283
0.15, 1.13493
0.152, 1.13703
0.154, 1.13915
0.156, 1.14127
0.158, 1.1434
0.16, 1.14554
0.162, 1.14769
0.164, 1.14984
0.166, 1.152
0.168, 1.15418
0.17, 1.15635
0.172, 1.15854
0.174, 1.16074
0.176, 1.16294
0.178, 1.16515
0.18, 1.16737
0.182, 1.1696
0.184, 1.17183
0.186, 1.17408
0.188, 1.17633
0.19, 1.17859
0.192, 1.18086
0.194, 1.18313
0.196, 1.18542
0.198, 1.18771
0.2, 1.19001
0.202, 1.19232
0.204, 1.19463
0.206, 1.19696
0.208, 1.19929
0.21, 1.20163
0.212, 1.20398
0.214, 1.20634
0.216, 1.2087
0.218, 1.21108
0.22, 1.21346
0.222, 1.21585
0.224, 1.21824
0.226, 1.22065
0.228, 1.22306
0.23, 1.22548
0.232, 1.22791
0.234, 1.23035
0.236, 1.2328
0.238, 1.23525
0.24, 1.23771
0.242, 1.24018
0.244, 1.24266
0.246, 1.24515
0.248, 1.24764
0.25, 1.25014
0.252, 1.25265
0.254, 1.25517
0.256, 1.2577
0.258, 1.26023
0.26, 1.26278
0.262, 1.26533
0.264, 1.26789
0.266, 1.27045
0.268, 1.27303
0.27, 1.27561
0.272, 1.2782
0.274, 1.2808
0.276, 1.28341
0.278, 1.28602
0.28, 1.28865
0.282, 1.29128
0.284, 1.29392
0.286, 1.29657
0.288, 1.29922
0.29, 1.30189
0.292, 1.30456
0.294, 1.30724
0.296, 1.30993
0.298, 1.31262
0.3, 1.31533
0.302, 1.31804
0.304, 1.32076
0.306, 1.32349
0.308, 1.32623
0.31, 1.32897
0.312, 1.33172
0.314, 1.33449
0.316, 1.33725
0.318, 1.34003
0.32, 1.34282
0.322, 1.34561
0.324, 1.34841
0.326, 1.35122
0.328, 1.35404
0.33, 1.35686
0.332, 1.3597
0.334, 1.36254
0.336, 1.36539
0.338, 1.36825
0.34, 1.37111
0.342, 1.37399
0.344, 1.37687
0.346, 1.37976
0.348, 1.38266
0.35, 1.38557
0.352, 1.38848
0.354, 1.3914
0.356, 1.39433
0.358, 1.39727
0.36, 1.40022
0.362, 1.40317
0.364, 1.40614
0.366, 1.40911
0.368, 1.41209
0.37, 1.41508
0.372, 1.41807
0.374, 1.42107
0.376, 1.42409
0.378, 1.42711
0.38, 1.43013
0.382, 1.43317
0.384, 1.43621
0.386, 1.43927
0.388, 1.44233
0.39, 1.44539
0.392, 1.44847
0.394, 1.45155
0.396, 1.45465
0.398, 1.45775
0.4, 1.46086
0.402, 1.46397
0.404, 1.4671
0.406, 1.47023
0.408, 1.47337
0.41, 1.47652
0.412, 1.47968
0.414, 1.48284
0.416, 1.48602
0.418, 1.4892
0.42, 1.49239
0.422, 1.49558
0.424, 1.49879
0.426, 1.502
0.428, 1.50523
0.43, 1.50846
0.432, 1.51169
0.434, 1.51494
0.436, 1.51819
0.438, 1.52146
0.44, 1.52473
0.442, 1.528
0.444, 1.53129
0.446, 1.53459
0.448, 1.53789
0.45, 1.5412
0.452, 1.54452
0.454, 1.54784
0.456, 1.55118
0.458, 1.55452
0.46, 1.55787
0.462, 1.56123
0.464, 1.5646
0.466, 1.56798
0.468, 1.57136
0.47, 1.57475
0.472, 1.57815
0.474, 1.58156
0.476, 1.58497
0.478, 1.5884
0.48, 1.59183
0.482, 1.59527
0.484, 1.59872
0.486, 1.60217
0.488, 1.60564
0.49, 1.60911
0.492, 1.61259
0.494, 1.61608
0.496, 1.61958
0.498, 1.62308
0.5, 1.62659
0.502, 1.63012
0.504, 1.63364
0.506, 1.63718
0.508, 1.64073
0.51, 1.64428
0.512, 1.64784
0.514, 1.65141
0.516, 1.65499
0.518, 1.65857
0.52, 1.66217
0.522, 1.66577
0.524, 1.66938
0.526, 1.673
0.528, 1.67662
0.53, 1.68026
0.532, 1.6839
0.534, 1.68755
0.536, 1.69121
0.538, 1.69487
0.54, 1.69855
0.542, 1.70223
0.544, 1.70592
0.546, 1.70962
0.548, 1.71333
0.55, 1.71704
0.552, 1.72076
0.554, 1.7245
0.556, 1.72824
0.558, 1.73198
0.56, 1.73574
0.562, 1.7395
0.564, 1.74327
0.566, 1.74705
0.568, 1.75084
0.57, 1.75464
0.572, 1.75844
0.574, 1.76225
0.576, 1.76607
0.578, 1.7699
0.58, 1.77374
0.582, 1.77758
0.584, 1.78143
0.586, 1.78529
0.588, 1.78916
0.59, 1.79304
0.592, 1.79692
0.594, 1.80081
0.596, 1.80472
0.598, 1.80862
0.6, 1.81254
0.602, 1.81647
0.604, 1.8204
0.606, 1.82434
0.608, 1.82829
0.61, 1.83225
0.612, 1.83621
0.614, 1.84019
0.616, 1.84417
0.618, 1.84816
0.62, 1.85216
0.622, 1.85616
0.624, 1.86018
0.626, 1.8642
0.628, 1.86823
0.63, 1.87227
0.632, 1.87631
0.634, 1.88037
0.636, 1.88443
0.638, 1.8885
0.64, 1.89258
0.642, 1.89667
0.644, 1.90076
0.646, 1.90486
0.648, 1.90897
0.65, 1.91309
0.652, 1.91722
0.654, 1.92136
0.656, 1.9255
0.658, 1.92965
0.66, 1.93381
0.662, 1.93798
0.664, 1.94215
0.666, 1.94634
0.668, 1.95053
0.67, 1.95473
0.672, 1.95894
0.674, 1.96315
0.676, 1.96738
0.678, 1.97161
0.68, 1.97585
0.682, 1.9801
0.684, 1.98436
0.686, 1.98862
0.688, 1.99289
0.69, 1.99717
0.692, 2.00146
0.694, 2.00576
0.696, 2.01006
0.698, 2.01438
0.7, 2.0187
0.702, 2.02303
0.704, 2.02737
0.706, 2.03171
0.708, 2.03606
0.71, 2.04043
0.712, 2.0448
0.714, 2.04917
0.716, 2.05356
0.718, 2.05795
0.72, 2.06235
0.722, 2.06677
0.724, 2.07118
0.726, 2.07561
0.728, 2.08004
0.73, 2.08449
0.732, 2.08894
0.734, 2.0934
0.736, 2.09786
0.738, 2.10234
0.74, 2.10682
0.742, 2.11131
0.744, 2.11581
0.746, 2.12032
0.748, 2.12483
0.75, 2.12936
0.752, 2.13389
0.754, 2.13843
0.756, 2.14297
0.758, 2.14753
0.76, 2.15209
0.762, 2.15666
0.764, 2.16124
0.766, 2.16583
0.768, 2.17043
0.77, 2.17503
0.772, 2.17965
0.774, 2.18427
0.776, 2.18889
0.778, 2.19353
0.78, 2.19817
0.782, 2.20283
0.784, 2.20749
0.786, 2.21216
0.788, 2.21683
0.79, 2.22152
0.792, 2.22621
0.794, 2.23091
0.796, 2.23562
0.798, 2.24034
0.8, 2.24506
0.802, 2.2498
0.804, 2.25454
0.806, 2.25929
0.808, 2.26405
0.81, 2.26881
0.812, 2.27359
0.814, 2.27837
0.816, 2.28316
0.818, 2.28796
0.82, 2.29276
0.822, 2.29758
0.824, 2.3024
0.826, 2.30723
0.828, 2.31207
0.83, 2.31692
0.832, 2.32177
0.834, 2.32663
0.836, 2.3315
0.838, 2.33638
0.84, 2.34127
0.842, 2.34617
0.844, 2.35107
0.846, 2.35598
0.848, 2.3609
0.85, 2.36583
0.852, 2.37076
0.854, 2.37571
0.856, 2.38066
0.858, 2.38562
0.86, 2.39059
0.862, 2.39556
0.864, 2.40055
0.866, 2.40554
0.868, 2.41054
0.87, 2.41555
0.872, 2.42056
0.874, 2.42559
0.876, 2.43062
0.878, 2.43566
0.88, 2.44071
0.882, 2.44577
0.884, 2.45083
0.886, 2.4559
0.888, 2.46098
0.89, 2.46607
0.892, 2.47117
0.894, 2.47628
0.896, 2.48139
0.898, 2.48651
0.9, 2.49164
0.902, 2.49678
0.904, 2.50192
0.906, 2.50708
0.908, 2.51224
0.91, 2.51741
0.912, 2.52259
0.914, 2.52777
0.916, 2.53297
0.918, 2.53817
0.92, 2.54338
0.922, 2.5486
0.924, 2.55383
0.926, 2.55906
0.928, 2.5643
0.93, 2.56955
0.932, 2.57481
0.934, 2.58008
0.936, 2.58536
0.938, 2.59064
0.94, 2.59593
0.942, 2.60123
0.944, 2.60654
0.946, 2.61185
0.948, 2.61718
0.95, 2.62251
0.952, 2.62785
0.954, 2.63319
0.956, 2.63855
0.958, 2.64391
0.96, 2.64929
0.962, 2.65467
0.964, 2.66006
0.966, 2.66545
0.968, 2.67086
0.97, 2.67627
0.972, 2.68169
0.974, 2.68712
0.976, 2.69255
0.978, 2.698
0.98, 2.70345
0.982, 2.70891
0.984, 2.71438
0.986, 2.71986
0.988, 2.72534
0.99, 2.73084
0.992, 2.73634
0.994, 2.74185
0.996, 2.74737
0.998, 2.75289
1, 2.75843
1.002, 2.76397
1.004, 2.76952
1.006, 2.77508
1.008, 2.78064
1.01, 2.78622
1.012, 2.7918
1.014, 2.79739
1.016, 2.80299
1.018, 2.80859
1.02, 2.81421
1.022, 2.81983
1.024, 2.82546
1.026, 2.8311
1.028, 2.83675
1.03, 2.8424
1.032, 2.84807
1.034, 2.85374
1.036, 2.85942
1.038, 2.8651
1.04, 2.8708
1.042, 2.8765
1.044, 2.88221
1.046, 2.88793
1.048, 2.89366
1.05, 2.8994
1.052, 2.90514
1.054, 2.91089
1.056, 2.91665
1.058, 2.92242
1.06, 2.9282
1.062, 2.93398
1.064, 2.93977
1.066, 2.94558
1.068, 2.95138
1.07, 2.9572
1.072, 2.96303
1.074, 2.96886
1.076, 2.9747
1.078, 2.98055
1.08, 2.98641
1.082, 2.99227
1.084, 2.99814
1.086, 3.00402
1.088, 3.00991
1.09, 3.01581
1.092, 3.02172
1.094, 3.02763
1.096, 3.03355
1.098, 3.03948
1.1, 3.04542
1.102, 3.05137
1.104, 3.05732
1.106, 3.06328
1.108, 3.06925
1.11, 3.07523
1.112, 3.08122
1.114, 3.08721
1.116, 3.09322
1.118, 3.09923
1.12, 3.10524
1.122, 3.11127
1.124, 3.11731
1.126, 3.12335
1.128, 3.1294
1.13, 3.13546
1.132, 3.14153
1.134, 3.1476
1.136, 3.15369
1.138, 3.15978
1.14, 3.16588
1.142, 3.17199
1.144, 3.1781
1.146, 3.18422
1.148, 3.19036
1.15, 3.1965
1.152, 3.20264
1.154, 3.2088
1.156, 3.21497
1.158, 3.22114
1.16, 3.22732
1.162, 3.23351
1.164, 3.2397
1.166, 3.24591
1.168, 3.25212
1.17, 3.25834
1.172, 3.26457
1.174, 3.27081
1.176, 3.27705
1.178, 3.28331
1.18, 3.28957
1.182, 3.29584
1.184, 3.30211
1.186, 3.3084
1.188, 3.31469
1.19, 3.321
1.192, 3.32731
1.194, 3.33362
1.196, 3.33995
1.198, 3.34628
1.2, 3.35263
1.202, 3.35898
1.204, 3.36533
1.206, 3.3717
1.208, 3.37807
1.21, 3.38446
1.212, 3.39085
1.214, 3.39725
1.216, 3.40365
1.218, 3.41007
1.22, 3.41649
1.222, 3.42292
1.224, 3.42936
1.226, 3.43581
1.228, 3.44226
1.23, 3.44873
1.232, 3.4552
1.234, 3.46168
1.236, 3.46817
1.238, 3.47466
1.24, 3.48117
1.242, 3.48768
1.244, 3.4942
1.246, 3.50073
1.248, 3.50726
1.25, 3.51381
1.252, 3.52036
1.254, 3.52692
1.256, 3.53349
1.258, 3.54006
1.26, 3.54665
1.262, 3.55324
1.264, 3.55984
1.266, 3.56645
1.268, 3.57307
1.27, 3.57969
1.272, 3.58633
1.274, 3.59297
1.276, 3.59962
1.278, 3.60627
1.28, 3.61294
1.282, 3.61961
1.284, 3.62629
1.286, 3.63298
1.288, 3.63968
1.29, 3.64639
1.292, 3.6531
1.294, 3.65982
1.296, 3.66655
1.298, 3.67329
1.3, 3.68004
1.302, 3.68679
1.304, 3.69356
1.306, 3.70033
1.308, 3.70711
1.31, 3.71389
1.312, 3.72069
1.314, 3.72749
1.316, 3.7343
1.318, 3.74112
1.32, 3.74795
1.322, 3.75478
1.324, 3.76163
1.326, 3.76848
1.328, 3.77534
1.33, 3.7822
1.332, 3.78908
1.334, 3.79596
1.336, 3.80286
1.338, 3.80976
1.34, 3.81666
1.342, 3.82358
1.344, 3.8305
1.346, 3.83744
1.348, 3.84438
1.35, 3.85132
1.352, 3.85828
1.354, 3.86525
1.356, 3.87222
1.358, 3.8792
1.36, 3.88619
1.362, 3.89318
1.364, 3.90019
1.366, 3.9072
1.368, 3.91422
1.37, 3.92125
1.372, 3.92829
1.374, 3.93534
1.376, 3.94239
1.378, 3.94945
1.38, 3.95652
1.382, 3.9636
1.384, 3.97068
1.386, 3.97778
1.388, 3.98488
1.39, 3.99199
1.392, 3.99911
1.394, 4.00623
1.396, 4.01337
1.398, 4.02051
1.4, 4.02766
1.402, 4.03482
1.404, 4.04199
1.406, 4.04916
1.408, 4.05635
1.41, 4.06354
1.412, 4.07074
1.414, 4.07794
1.416, 4.08516
1.418, 4.09238
1.42, 4.09961
1.422, 4.10685
1.424, 4.1141
1.426, 4.12135
1.428, 4.12862
1.43, 4.13589
1.432, 4.14317
1.434, 4.15046
1.436, 4.15775
1.438, 4.16506
1.44, 4.17237
1.442, 4.17969
1.444, 4.18702
1.446, 4.19436
1.448, 4.2017
1.45, 4.20905
1.452, 4.21641
1.454, 4.22378
1.456, 4.23116
1.458, 4.23854
1.46, 4.24594
1.462, 4.25334
1.464, 4.26075
1.466, 4.26816
1.468, 4.27559
1.47, 4.28302
1.472, 4.29046
1.474, 4.29791
1.476, 4.30537
1.478, 4.31284
1.48, 4.32031
1.482, 4.32779
1.484, 4.33528
1.486, 4.34278
1.488, 4.35029
1.49, 4.3578
1.492, 4.36532
1.494, 4.37286
1.496, 4.38039
1.498, 4.38794
1.5, 4.3955
1.502, 4.40306
1.504, 4.41063
1.506, 4.41821
1.508, 4.42579
1.51, 4.43339
1.512, 4.44099
1.514, 4.4486
1.516, 4.45622
1.518, 4.46385
1.52, 4.47149
1.522, 4.47913
1.524, 4.48678
1.526, 4.49444
1.528, 4.50211
1.53, 4.50979
1.532, 4.51747
1.534, 4.52516
1.536, 4.53286
1.538, 4.54057
1.54, 4.54829
1.542, 4.55601
1.544, 4.56374
1.546, 4.57148
1.548, 4.57923
1.55, 4.58699
1.552, 4.59475
1.554, 4.60253
1.556, 4.61031
1.558, 4.6181
1.56, 4.6259
1.562, 4.6337
1.564, 4.64151
1.566, 4.64934
1.568, 4.65717
1.57, 4.665
1.572, 4.67285
1.574, 4.6807
1.576, 4.68856
1.578, 4.69643
1.58, 4.70431
1.582, 4.7122
1.584, 4.72009
1.586, 4.72799
1.588, 4.73591
1.59, 4.74382
1.592, 4.75175
1.594, 4.75968
1.596, 4.76763
1.598, 4.77558
1.6, 4.78354
1.602, 4.7915
1.604, 4.79948
1.606, 4.80746
1.608, 4.81545
1.61, 4.82345
1.612, 4.83146
1.614, 4.83948
1.616, 4.8475
1.618, 4.85553
1.62, 4.86357
1.622, 4.87162
1.624, 4.87967
1.626, 4.88774
1.628, 4.89581
1.63, 4.90389
1.632, 4.91198
1.634, 4.92008
1.636, 4.92818
1.638, 4.93629
1.64, 4.94441
1.642, 4.95254
1.644, 4.96068
1.646, 4.96882
1.648, 4.97698
1.65, 4.98514
1.652, 4.99331
1.654, 5.00148
1.656, 5.00967
1.658, 5.01786
1.66, 5.02606
1.662, 5.03427
1.664, 5.04249
1.666, 5.05072
1.668, 5.05895
1.67, 5.06719
1.672, 5.07544
1.674, 5.0837
1.676, 5.09197
1.678, 5.10024
1.68, 5.10852
1.682, 5.11681
1.684, 5.12511
1.686, 5.13342
1.688, 5.14173
1.69, 5.15005
1.692, 5.15839
1.694, 5.16672
1.696, 5.17507
1.698, 5.18343
1.7, 5.19179
1.702, 5.20016
1.704, 5.20854
1.706, 5.21693
1.708, 5.22532
1.71, 5.23373
1.712, 5.24214
1.714, 5.25056
1.716, 5.25898
1.718, 5.26742
1.72, 5.27586
1.722, 5.28432
1.724, 5.29278
1.726, 5.30124
1.728, 5.30972
1.73, 5.31821
1.732, 5.3267
1.734, 5.3352
1.736, 5.34371
1.738, 5.35222
1.74, 5.36075
1.742, 5.36928
1.744, 5.37782
1.746, 5.38637
1.748, 5.39493
1.75, 5.40349
1.752, 5.41207
1.754, 5.42065
1.756, 5.42924
1.758, 5.43784
1.76, 5.44644
1.762, 5.45505
1.764, 5.46368
1.766, 5.47231
1.768, 5.48094
1.77, 5.48959
1.772, 5.49824
1.774, 5.50691
1.776, 5.51558
1.778, 5.52426
1.78, 5.53294
1.782, 5.54164
1.784, 5.55034
1.786, 5.55905
1.788, 5.56777
1.79, 5.57649
1.792, 5.58523
1.794, 5.59397
1.796, 5.60272
1.798, 5.61148
1.8, 5.62025
1.802, 5.62903
1.804, 5.63781
1.806, 5.6466
1.808, 5.6554
1.81, 5.66421
1.812, 5.67302
1.814, 5.68185
1.816, 5.69068
1.818, 5.69952
1.82, 5.70837
1.822, 5.71722
1.824, 5.72609
1.826, 5.73496
1.828, 5.74384
1.83, 5.75273
1.832, 5.76163
1.834, 5.77053
1.836, 5.77944
1.838, 5.78836
1.84, 5.79729
1.842, 5.80623
1.844, 5.81518
1.846, 5.82413
1.848, 5.83309
1.85, 5.84206
1.852, 5.85104
1.854, 5.86002
1.856, 5.86902
1.858, 5.87802
1.86, 5.88703
1.862, 5.89605
1.864, 5.90507
1.866, 5.91411
1.868, 5.92315
1.87, 5.9322
1.872, 5.94126
1.874, 5.95032
1.876, 5.9594
1.878, 5.96848
1.88, 5.97757
1.882, 5.98667
1.884, 5.99578
1.886, 6.00489
1.888, 6.01401
1.89, 6.02314
1.892, 6.03228
1.894, 6.04143
1.896, 6.05059
1.898, 6.05975
1.9, 6.06892
1.902, 6.0781
1.904, 6.08729
1.906, 6.09648
1.908, 6.10569
1.91, 6.1149
1.912, 6.12412
1.914, 6.13335
1.916, 6.14258
1.918, 6.15183
1.92, 6.16108
1.922, 6.17034
1.924, 6.17961
1.926, 6.18889
1.928, 6.19817
1.93, 6.20746
1.932, 6.21676
1.934, 6.22607
1.936, 6.23539
1.938, 6.24472
1.94, 6.25405
1.942, 6.26339
1.944, 6.27274
1.946, 6.2821
1.948, 6.29146
1.95, 6.30084
1.952, 6.31022
1.954, 6.31961
1.956, 6.329
1.958, 6.33841
1.96, 6.34782
1.962, 6.35725
1.964, 6.36668
1.966, 6.37611
1.968, 6.38556
1.97, 6.39502
1.972, 6.40448
1.974, 6.41395
1.976, 6.42343
1.978, 6.43291
1.98, 6.44241
1.982, 6.45191
1.984, 6.46142
1.986, 6.47094
1.988, 6.48047
1.99, 6.49
1.992, 6.49955
1.994, 6.5091
1.996, 6.51866
1.998, 6.52823
