0, 0.988952
0.01, 0.998997
0.02, 1.00904
0.03, 1.01918
0.04, 1.02942
0.05, 1.03976
0.06, 1.05021
0.07, 1.06076
0.08, 1.07142
0.09, 1.08218
0.1, 1.09305
0.11, 1.10403
0.12, 1.11516
0.13, 1.12637
0.14, 1.13769
0.15, 1.14912
0.16, 1.16067
0.17, 1.17233
0.18, 1.18411
0.19, 1.196
0.2, 1.20802
0.21, 1.22015
0.22, 1.23241
0.23, 1.24483
0.24, 1.25734
0.25, 1.26998
0.26, 1.28274
0.27, 1.29563
0.28, 1.30864
0.29, 1.32179
0.3, 1.33507
0.31, 1.34848
0.32, 1.36203
0.33, 1.37571
0.34, 1.38958
0.35, 1.40354
0.36, 1.41765
0.37, 1.43189
0.38, 1.44628
0.39, 1.46081
0.4, 1.47549
0.41, 1.49031
0.42, 1.50528
0.43, 1.5204
0.44, 1.53567
0.45, 1.55115
0.46, 1.56674
0.47, 1.58249
0.48, 1.59839
0.49, 1.61445
0.5, 1.63067
0.51, 1.64705
0.52, 1.6636
0.53, 1.68031
0.54, 1.69719
0.55, 1.71424
0.56, 1.73152
0.57, 1.74892
0.58, 1.7665
0.59, 1.78425
0.6, 1.80217
0.61, 1.82028
0.62, 1.83857
0.63, 1.85704
0.64, 1.8757
0.65, 1.89454
0.66, 1.91357
0.67, 1.93286
0.68, 1.95228
0.69, 1.9719
0.7, 1.99171
0.71, 2.01173
0.72, 2.03194
0.73, 2.05235
0.74, 2.07297
0.75, 2.0938
0.76, 2.11483
0.77, 2.13607
0.78, 2.15761
0.79, 2.17929
0.8, 2.20119
0.81, 2.22331
0.82, 2.24565
0.83, 2.26821
0.84, 2.291
0.85, 2.31401
0.86, 2.33726
0.87, 2.36074
0.88, 2.38445
0.89, 2.40849
0.9, 2.43269
0.91, 2.45714
0.92, 2.48183
0.93, 2.50677
0.94, 2.53195
0.95, 2.55739
0.96, 2.58308
0.97, 2.60903
0.98, 2.63524
0.99, 2.66179
1, 2.68854
1.01, 2.71556
1.02, 2.74285
1.03, 2.77041
1.04, 2.79825
1.05, 2.82636
1.06, 2.85476
1.07, 2.88344
1.08, 2.91241
1.09, 2.94166
1.1, 2.97121
1.11, 3.00116
1.12, 3.03132
1.13, 3.06178
1.14, 3.09255
1.15, 3.12362
1.16, 3.15501
1.17, 3.18671
1.18, 3.21872
1.19, 3.25106
1.2, 3.28371
1.21, 3.3168
1.22, 3.35013
1.23, 3.3838
1.24, 3.4178
1.25, 3.45215
1.26, 3.48683
1.27, 3.52187
1.28, 3.55725
1.29, 3.59299
1.3, 3.62908
1.31, 3.66554
1.32, 3.70236
1.33, 3.73968
1.34, 3.77726
1.35, 3.81522
1.36, 3.85355
1.37, 3.89227
1.38, 3.93138
1.39, 3.97088
1.4, 4.01077
1.41, 4.05106
1.42, 4.09176
1.43, 4.13299
1.44, 4.17452
1.45, 4.21647
1.46, 4.25884
1.47, 4.30164
1.48, 4.34486
1.49, 4.38852
1.5, 4.43261
1.51, 4.47714
1.52, 4.52211
1.53, 4.56754
1.54, 4.61342
1.55, 4.65993
1.56, 4.70676
1.57, 4.75405
1.58, 4.80182
1.59, 4.85007
1.6, 4.8988
1.61, 4.94802
1.62, 4.99773
1.63, 5.04794
1.64, 5.09865
1.65, 5.14986
1.66, 5.20177
1.67, 5.25405
1.68, 5.30685
1.69, 5.36017
1.7, 5.41403
1.71, 5.46843
1.72, 5.52337
1.73, 5.57886
1.74, 5.6349
1.75, 5.69151
1.76, 5.74868
1.77, 5.80663
1.78, 5.86498
1.79, 5.92392
1.8, 5.98344
1.81, 6.04356
1.82, 6.10428
1.83, 6.16561
1.84, 6.22756
1.85, 6.29012
1.86, 6.3533
1.87, 6.41712
1.88, 6.48181
1.89, 6.54695
1.9, 6.61274
1.91, 6.67919
1.92, 6.7463
1.93, 6.81408
1.94, 6.88254
1.95, 6.95168
1.96, 7.02152
1.97, 7.09205
1.98, 7.16351
1.99, 7.2355
2, 7.30821
2.01, 7.38165
2.02, 7.45583
2.03, 7.53074
2.04, 7.60641
2.05, 7.68283
2.06, 7.76001
2.07, 7.83797
2.08, 7.9167
2.09, 7.99647
2.1, 8.07683
2.11, 8.158
2.12, 8.23998
2.13, 8.32278
2.14, 8.4064
2.15, 8.49087
2.16, 8.57617
2.17, 8.66233
2.18, 8.74935
2.19, 8.83724
2.2, 8.92601
2.21, 9.01599
2.22, 9.1066
2.23, 9.19811
2.24, 9.29053
2.25, 9.38388
2.26, 9.47817
2.27, 9.57339
2.28, 9.66957
2.29, 9.76671
2.3, 9.86482
2.31, 9.96421
2.32, 10.0644
2.33, 10.1655
2.34, 10.2676
2.35, 10.3708
2.36, 10.475
2.37, 10.5803
2.38, 10.6866
2.39, 10.7939
2.4, 10.9024
2.41, 11.0119
2.42, 11.1228
2.43, 11.2346
2.44, 11.3475
2.45, 11.4615
2.46, 11.5767
2.47, 11.693
2.48, 11.8105
2.49, 11.9292
2.5, 12.049
2.51, 12.1701
2.52, 12.2923
2.53, 12.4158
2.54, 12.541
2.55, 12.667
2.56, 12.7943
2.57, 12.9228
2.58, 13.0527
2.59, 13.1838
2.6, 13.3163
2.61, 13.4501
2.62, 13.5852
2.63, 13.7216
2.64, 13.8595
2.65, 13.9992
2.66, 14.1399
2.67, 14.282
2.68, 14.4255
2.69, 14.5704
2.7, 14.7168
2.71, 14.8647
2.72, 15.014
2.73, 15.1648
2.74, 15.3172
2.75, 15.4715
2.76, 15.627
2.77, 15.784
2.78, 15.9426
2.79, 16.1028
2.8, 16.2646
2.81, 16.4281
2.82, 16.5931
2.83, 16.7598
2.84, 16.9282
2.85, 17.0982
2.86, 17.2705
2.87, 17.4441
2.88, 17.6194
2.89, 17.7964
2.9, 17.9753
2.91, 18.1559
2.92, 18.3383
2.93, 18.5225
2.94, 18.7086
2.95, 18.8966
2.96, 19.0864
2.97, 19.2781
2.98, 19.4724
2.99, 19.6681
3, 19.8658
3.01, 20.0654
3.02, 20.267
3.03, 20.4706
3.04, 20.6763
3.05, 20.884
3.06, 21.0938
3.07, 21.3057
3.08, 21.5197
3.09, 21.7366
3.1, 21.9551
3.11, 22.1757
3.12, 22.3985
3.13, 22.6236
3.14, 22.8509
3.15, 23.0805
3.16, 23.3124
3.17, 23.5466
3.18, 23.7831
3.19, 24.0227
3.2, 24.2641
3.21, 24.508
3.22, 24.7543
3.23, 25.003
3.24, 25.2542
3.25, 25.508
3.26, 25.7642
3.27, 26.0231
3.28, 26.2845
3.29, 26.5485
3.3, 26.8152
3.31, 27.0855
3.32, 27.3577
3.33, 27.6326
3.34, 27.9103
3.35, 28.1907
3.36, 28.474
3.37, 28.7601
3.38, 29.049
3.39, 29.3408
3.4, 29.6356
3.41, 29.9332
3.42, 30.235
3.43, 30.5388
3.44, 30.8457
3.45, 31.1557
3.46, 31.4687
3.47, 31.7849
3.48, 32.1042
3.49, 32.4268
3.5, 32.7525
3.51, 33.0815
3.52, 33.4138
3.53, 33.7507
3.54, 34.0898
3.55, 34.4324
3.56, 34.7784
3.57, 35.1278
3.58, 35.4808
3.59, 35.8372
3.6, 36.1973
3.61, 36.5609
3.62, 36.9282
3.63, 37.3002
3.64, 37.6751
3.65, 38.0537
3.66, 38.4361
3.67, 38.8223
3.68, 39.2124
3.69, 39.6064
3.7, 40.0043
3.71, 40.4062
3.72, 40.8121
3.73, 41.2221
3.74, 41.6362
3.75, 42.0559
3.76, 42.4785
3.77, 42.9054
3.78, 43.3365
3.79, 43.772
3.8, 44.2118
3.81, 44.656
3.82, 45.1046
3.83, 45.5577
3.84, 46.0153
3.85, 46.4776
3.86, 46.9461
3.87, 47.4179
3.88, 47.8944
3.89, 48.3756
3.9, 48.8617
3.91, 49.3526
3.92, 49.8485
3.93, 50.3493
3.94, 50.8551
3.95, 51.3659
3.96, 51.8835
3.97, 52.4049
3.98, 52.9315
3.99, 53.4634
4, 54.0006
4.01, 54.5432
4.02, 55.0913
4.03, 55.6447
4.04, 56.2038
4.05, 56.7684
4.06, 57.3386
4.07, 57.9146
4.08, 58.4984
4.09, 59.0863
4.1, 59.68
4.11, 60.2797
4.12, 60.8854
4.13, 61.4972
4.14, 62.115
4.15, 62.739
4.16, 63.3693
4.17, 64.0059
4.18, 64.6508
4.19, 65.3005
4.2, 65.9567
4.21, 66.6195
4.22, 67.2889
4.23, 67.9651
4.24, 68.6479
4.25, 69.3376
4.26, 70.0342
4.27, 70.7378
4.28, 71.4484
4.29, 72.1682
4.3, 72.8935
4.31, 73.6261
4.32, 74.3659
4.33, 75.1132
4.34, 75.8679
4.35, 76.6302
4.36, 77.4001
4.37, 78.1777
4.38, 78.963
4.39, 79.7562
4.4, 80.5574
4.41, 81.3694
4.42, 82.1872
4.43, 83.013
4.44, 83.8472
4.45, 84.6897
4.46, 85.5406
4.47, 86.4
4.48, 87.268
4.49, 88.1447
4.5, 89.0301
4.51, 89.9272
4.52, 90.8309
4.53, 91.7437
4.54, 92.6656
4.55, 93.5968
4.56, 94.5372
4.57, 95.4871
4.58, 96.4464
4.59, 97.4154
4.6, 98.394
4.61, 99.3824
4.62, 100.384
4.63, 101.393
4.64, 102.411
4.65, 103.441
4.66, 104.48
4.67, 105.53
4.68, 106.59
4.69, 107.661
4.7, 108.743
4.71, 109.835
4.72, 110.938
4.73, 112.053
4.74, 113.182
4.75, 114.32
4.76, 115.468
4.77, 116.629
4.78, 117.801
4.79, 118.984
4.8, 120.18
4.81, 121.387
4.82, 122.606
4.83, 123.838
4.84, 125.086
4.85, 126.343
4.86, 127.613
4.87, 128.895
4.88, 130.19
4.89, 131.498
4.9, 132.819
4.91, 134.154
4.92, 135.502
4.93, 136.863
4.94, 138.238
4.95, 139.626
4.96, 141.034
4.97, 142.451
4.98, 143.883
4.99, 145.328
5, 146.789
5.01, 148.263
5.02, 149.753
5.03, 151.258
5.04, 152.777
5.05, 154.312
5.06, 155.862
5.07, 157.433
5.08, 159.015
5.09, 160.613
5.1, 162.227
5.11, 163.857
5.12, 165.503
5.13, 167.166
5.14, 168.845
5.15, 170.542
5.16, 172.255
5.17, 173.99
5.18, 175.739
5.19, 177.505
5.2, 179.289
5.21, 181.09
5.22, 182.91
5.23, 184.748
5.24, 186.604
5.25, 188.478
5.26, 190.372
5.27, 192.284
5.28, 194.216
5.29, 196.174
5.3, 198.145
5.31, 200.136
5.32, 202.147
5.33, 204.178
5.34, 206.23
5.35, 208.302
5.36, 210.394
5.37, 212.508
5.38, 214.643
5.39, 216.805
5.4, 218.984
5.41, 221.185
5.42, 223.408
5.43, 225.652
5.44, 227.92
5.45, 230.21
5.46, 232.523
5.47, 234.859
5.48, 237.218
5.49, 239.601
5.5, 242.015
5.51, 244.447
5.52, 246.904
5.53, 249.385
5.54, 251.891
5.55, 254.422
5.56, 256.978
5.57, 259.56
5.58, 262.168
5.59, 264.801
5.6, 267.461
5.61, 270.148
5.62, 272.871
5.63, 275.613
5.64, 278.383
5.65, 281.18
5.66, 284.006
5.67, 286.859
5.68, 289.741
5.69, 292.652
5.7, 295.592
5.71, 298.561
5.72, 301.569
5.73, 304.6
5.74, 307.661
5.75, 310.753
5.76, 313.875
5.77, 317.029
5.78, 320.214
5.79, 323.432
5.8, 326.681
5.81, 329.963
5.82, 333.277
5.83, 336.635
5.84, 340.018
5.85, 343.435
5.86, 346.887
5.87, 350.372
5.88, 353.893
5.89, 357.448
5.9, 361.04
5.91, 364.667
5.92, 368.33
5.93, 372.03
5.94, 375.767
5.95, 379.555
5.96, 383.369
5.97, 387.222
5.98, 391.113
5.99, 395.043
6, 399.012
6.01, 403.021
6.02, 407.069
6.03, 411.159
6.04, 415.289
6.05, 419.473
6.06, 423.689
6.07, 427.947
6.08, 432.247
6.09, 436.591
6.1, 440.977
6.11, 445.408
6.12, 449.883
6.13, 454.403
6.14, 458.968
6.15, 463.578
6.16, 468.235
6.17, 472.955
6.18, 477.708
6.19, 482.508
6.2, 487.357
6.21, 492.253
6.22, 497.199
6.23, 502.195
6.24, 507.24
6.25, 512.335
6.26, 517.482
6.27, 522.68
6.28, 527.949
6.29, 533.255
6.3, 538.613
6.31, 544.025
6.32, 549.492
6.33, 555.013
6.34, 560.589
6.35, 566.221
6.36, 571.909
6.37, 577.654
6.38, 583.474
6.39, 589.338
6.4, 595.26
6.41, 601.242
6.42, 607.284
6.43, 613.386
6.44, 619.548
6.45, 625.773
6.46, 632.06
6.47, 638.409
6.48, 644.822
6.49, 651.299
6.5, 657.865
6.51, 664.476
6.52, 671.153
6.53, 677.897
6.54, 684.709
6.55, 691.588
6.56, 698.537
6.57, 705.554
6.58, 712.642
6.59, 719.801
6.6, 727.031
6.61, 734.36
6.62, 741.74
6.63, 749.194
6.64, 756.722
6.65, 764.325
6.66, 772.005
6.67, 779.761
6.68, 787.595
6.69, 795.507
6.7, 803.498
6.71, 811.594
6.72, 819.75
6.73, 827.988
6.74, 836.309
6.75, 844.712
6.76, 853.2
6.77, 861.772
6.78, 870.43
6.79, 879.175
6.8, 888.007
6.81, 896.927
6.82, 905.937
6.83, 915.069
6.84, 924.265
6.85, 933.553
6.86, 942.934
6.87, 952.408
6.88, 961.977
6.89, 971.642
6.9, 981.404
6.91, 991.263
6.92, 1001.22
6.93, 1011.31
6.94, 1021.47
6.95, 1031.74
6.96, 1042.1
6.97, 1052.58
6.98, 1063.15
6.99, 1073.83
7, 1084.62
7.01, 1095.52
7.02, 1106.52
7.03, 1117.64
7.04, 1128.87
7.05, 1140.25
7.06, 1151.71
7.07, 1163.28
7.08, 1174.97
7.09, 1186.77
7.1, 1198.7
7.11, 1210.74
7.12, 1222.9
7.13, 1235.19
7.14, 1247.6
7.15, 1260.13
7.16, 1272.83
7.17, 1285.62
7.18, 1298.54
7.19, 1311.59
7.2, 1324.77
7.21, 1338.08
7.22, 1351.52
7.23, 1365.1
7.24, 1378.81
7.25, 1392.67
7.26, 1406.7
7.27, 1420.83
7.28, 1435.11
7.29, 1449.53
7.3, 1464.1
7.31, 1478.81
7.32, 1493.67
7.33, 1508.68
7.34, 1523.83
7.35, 1539.14
7.36, 1554.6
7.37, 1570.22
7.38, 1586.05
7.39, 1601.99
7.4, 1618.08
7.41, 1634.34
7.42, 1650.76
7.43, 1667.35
7.44, 1684.1
7.45, 1701.02
7.46, 1718.11
7.47, 1735.37
7.48, 1752.8
7.49, 1770.47
7.5, 1788.26
7.51, 1806.23
7.52, 1824.38
7.53, 1842.71
7.54, 1861.23
7.55, 1879.93
7.56, 1898.81
7.57, 1917.89
7.58, 1937.15
7.59, 1956.67
7.6, 1976.34
7.61, 1996.2
7.62, 2016.26
7.63, 2036.52
7.64, 2056.98
7.65, 2077.65
7.66, 2098.52
7.67, 2119.6
7.68, 2140.9
7.69, 2162.4
7.7, 2184.12
7.71, 2206.14
7.72, 2228.31
7.73, 2250.7
7.74, 2273.32
7.75, 2296.16
7.76, 2319.23
7.77, 2342.53
7.78, 2366.07
7.79, 2389.84
7.8, 2413.84
7.81, 2438.09
7.82, 2462.67
7.83, 2487.41
7.84, 2512.41
7.85, 2537.66
7.86, 2563.15
7.87, 2588.91
7.88, 2614.92
7.89, 2641.19
7.9, 2667.72
7.91, 2694.52
7.92, 2721.67
7.93, 2749.02
7.94, 2776.65
7.95, 2804.55
7.96, 2832.73
7.97, 2861.19
7.98, 2889.94
7.99, 2918.97
8, 2948.3
8.01, 2977.92
8.02, 3007.83
8.03, 3038.14
8.04, 3068.67
8.05, 3099.51
8.06, 3130.66
8.07, 3162.11
8.08, 3193.89
8.09, 3225.98
8.1, 3258.39
8.11, 3291.12
8.12, 3324.18
8.13, 3357.58
8.14, 3391.3
8.15, 3425.49
8.16, 3459.91
8.17, 3494.68
8.18, 3529.8
8.19, 3565.27
8.2, 3601.09
8.21, 3637.27
8.22, 3673.81
8.23, 3710.71
8.24, 3747.99
8.25, 3785.75
8.26, 3823.8
8.27, 3862.23
8.28, 3901.04
8.29, 3940.24
8.3, 3979.83
8.31, 4019.81
8.32, 4060.2
8.33, 4100.99
8.34, 4142.19
8.35, 4183.8
8.36, 4225.95
8.37, 4268.42
8.38, 4311.32
8.39, 4354.64
8.4, 4398.4
8.41, 4442.59
8.42, 4487.23
8.43, 4532.31
8.44, 4577.85
8.45, 4623.83
8.46, 4670.28
8.47, 4717.19
8.48, 4764.75
8.49, 4812.63
8.5, 4860.99
8.51, 4909.84
8.52, 4959.17
8.53, 5009
8.54, 5059.32
8.55, 5110.15
8.56, 5161.49
8.57, 5213.33
8.58, 5265.86
8.59, 5318.78
8.6, 5372.23
8.61, 5426.22
8.62, 5480.74
8.63, 5535.81
8.64, 5591.43
8.65, 5647.61
8.66, 5704.35
8.67, 5761.65
8.68, 5819.53
8.69, 5878.17
8.7, 5937.24
8.71, 5996.91
8.72, 6057.17
8.73, 6118.03
8.74, 6179.51
8.75, 6241.59
8.76, 6304.3
8.77, 6367.64
8.78, 6431.61
8.79, 6496.21
8.8, 6561.47
8.81, 6627.61
8.82, 6694.21
8.83, 6761.48
8.84, 6829.43
8.85, 6898.05
8.86, 6967.36
8.87, 7037.36
8.88, 7108.05
8.89, 7179.46
8.9, 7251.58
8.91, 7324.65
8.92, 7398.26
8.93, 7472.61
8.94, 7547.7
8.95, 7623.54
8.96, 7700.14
8.97, 7777.51
8.98, 7855.65
8.99, 7934.57
9, 8014.28
9.01, 8094.78
9.02, 8176.34
9.03, 8258.51
9.04, 8341.51
9.05, 8425.33
9.06, 8509.99
9.07, 8595.5
9.08, 8681.86
9.09, 8769.08
9.1, 8857.18
9.11, 8946.16
9.12, 9036.03
9.13, 9126.79
9.14, 9218.8
9.15, 9311.44
9.16, 9405.01
9.17, 9499.51
9.18, 9594.96
9.19, 9691.37
9.2, 9788.74
9.21, 9887.08
9.22, 9986.4
9.23, 10086.7
9.24, 10188.3
9.25, 10290.7
9.26, 10394.2
9.27, 10498.6
9.28, 10604.1
9.29, 10710.6
9.3, 10818.3
9.31, 10927
9.32, 11036.7
9.33, 11147.6
9.34, 11259.6
9.35, 11373
9.36, 11487.3
9.37, 11602.8
9.38, 11719.4
9.39, 11837.1
9.4, 11956.1
9.41, 12076.2
9.42, 12197.5
9.43, 12320.1
9.44, 12443.8
9.45, 12568.8
9.46, 12695.1
9.47, 12823.1
9.48, 12951.9
9.49, 13082.1
9.5, 13213.5
9.51, 13346.3
9.52, 13480.4
9.53, 13615.8
9.54, 13752.6
9.55, 13890.8
9.56, 14030.3
9.57, 14171.7
9.58, 14314.1
9.59, 14457.9
9.6, 14603.2
9.61, 14750
9.62, 14898.2
9.63, 15047.9
9.64, 15199
9.65, 15351.7
9.66, 15506
9.67, 15661.7
9.68, 15819.5
9.69, 15978.5
9.7, 16139.1
9.71, 16301.3
9.72, 16465.1
9.73, 16630.5
9.74, 16797.6
9.75, 16966.4
9.76, 17136.8
9.77, 17309
9.78, 17482.8
9.79, 17658.4
9.8, 17836.5
9.81, 18015.7
9.82, 18196.7
9.83, 18379.6
9.84, 18564.3
9.85, 18750.8
9.86, 18939.2
9.87, 19129.4
9.88, 19321.6
9.89, 19515.7
9.9, 19711.7
9.91, 19910.4
9.92, 20110.5
9.93, 20312.6
9.94, 20516.7
9.95, 20722.9
9.96, 20931.1
9.97, 21141.4
9.98, 21353.8
9.99, 21568.3
